character:1/1 2/1 3/1
skill:1/1 2/1 3/1 4/1 5/1
character_chosen:2
skill_chosen:2 3 0
gold:2800
music:0.7
fx:0.72
