character:1/5 2/5 3/5
skill:1/1 2/1 3/1 4/1 5/1
character_chosen:2
skill_chosen:0 0 0
gold:4600
music:0.0
fx:0.0
