character:1/1 2/5 3/2
skill:1/0 2/0 3/0 4/0 5/0
character_chosen:3
skill_chosen:0 0 0
gold:0
music:0.42
fx:0.2
