character:1/1 2/1 3/1
skill:1/1 2/1 3/1 4/1 5/1
character_chosen:1
skill_chosen:0/0/0
gold:0
music:1.0
fx:1.0