character:1/1 2/1 3/1
skill:1/1 2/1 3/1 4/1 5/1
character_chosen:1
skill_chosen:1 3 5
gold:2800
music:0.26
fx:0.32
