character:1/1 2/5 3/1
skill:1/1 2/1 3/3 4/2 5/1
character_chosen:2
skill_chosen:1 4 5
gold:3271
music:0.15
fx:0.23
