character:1/1 2/1 3/1
skill:1/1 2/1 3/1 4/2 5/1
character_chosen:3
skill_chosen:1 2 4
gold:3000
music:0.28
fx:0.72
